["190738", 1, [[3, 1]]]
["2", 1, [[11, 1]]]
["a", 6, [[5, 1], [7, 1], [8, 1], [9, 1], [15, 1], [19, 1]]]
["an", 1, [[16, 1]]]
["and", 3, [[11, 1], [14, 1], [15, 1]]]
["apedog", 1, [[16, 1]]]
["are", 2, [[1, 1], [9, 1]]]
["ass", 1, [[4, 1]]]
["bad", 1, [[7, 1]]]
["be", 2, [[9, 1], [18, 1]]]
["because", 1, [[20, 1]]]
["been", 1, [[7, 1]]]
["better", 1, [[12, 1]]]
["blown", 1, [[19, 1]]]
["burn", 1, [[15, 1]]]
["by", 1, [[7, 1]]]
["call", 2, [[7, 1], [19, 1]]]
["can", 1, [[8, 1]]]
["cancer", 1, [[9, 1]]]
["career", 1, [[11, 1]]]
["carey", 1, [[18, 1]]]
["carolina", 1, [[19, 1]]]
["catch", 4, [[7, 1], [8, 1], [9, 1], [19, 1]]]
["challenges", 1, [[18, 1]]]
["channel", 1, [[3, 1]]]
["cigarette", 1, [[15, 1]]]
["cima", 1, [[11, 1]]]
["cmon", 1, [[19, 1]]]
["continues", 1, [[14, 1]]]
["curing", 1, [[9, 1]]]
["dad", 1, [[16, 1]]]
["despite", 1, [[14, 1]]]
["die", 1, [[16, 1]]]
["do", 2, [[5, 1], [6, 1]]]
["doing", 1, [[1, 1]]]
["else", 1, [[1, 1]]]
["ending", 1, [[8, 1]]]
["english", 1, [[6, 1]]]
["exams", 1, [[11, 1]]]
["faster", 1, [[15, 1]]]
["fastforward", 1, [[11, 1]]]
["figure", 1, [[9, 1]]]
["five", 1, [[16, 1]]]
["flame", 1, [[15, 1]]]
["food", 1, [[17, 1]]]
["for", 4, [[8, 1], [16, 1], [18, 1], [19, 1]]]
["from", 2, [[3, 1], [5, 1]]]
["game", 1, [[1, 1]]]
["get", 2, [[3, 1], [5, 1]]]
["go", 1, [[5, 1]]]
["goodell", 1, [[8, 1]]]
["goooooooo", 1, [[13, 1]]]
["got", 1, [[15, 1]]]
["half", 1, [[20, 1]]]
["hand", 1, [[15, 2]]]
["has", 1, [[18, 1]]]
["have", 1, [[7, 1]]]
["her", 1, [[14, 1]]]
["hes", 1, [[18, 1]]]
["hey", 1, [[5, 1]]]
["hour", 1, [[16, 1]]]
["how", 1, [[11, 1]]]
["i", 2, [[6, 1], [12, 1]]]
["im", 1, [[20, 1]]]
["imo", 1, [[7, 1]]]
["in", 2, [[11, 1], [15, 2]]]
["incomplete", 1, [[4, 1]]]
["instead", 1, [[16, 1]]]
["is", 1, [[9, 1]]]
["it", 1, [[9, 1]]]
["ive", 1, [[15, 1]]]
["lets", 1, [[13, 1]]]
["like", 1, [[14, 1]]]
["manning", 1, [[8, 1]]]
["me", 1, [[5, 1]]]
["mike", 1, [[18, 1]]]
["moon", 1, [[14, 1]]]
["more", 1, [[18, 1]]]
["much", 2, [[9, 1], [17, 1]]]
["my", 3, [[4, 1], [6, 1], [10, 1]]]
["no", 1, [[18, 1]]]
["now", 1, [[5, 1]]]
["of", 2, [[16, 2], [20, 1]]]
["oh", 2, [[5, 1], [10, 1]]]
["on", 1, [[6, 1]]]
["one", 1, [[15, 1]]]
["only", 1, [[20, 1]]]
["other", 1, [[15, 1]]]
["out", 2, [[9, 1], [15, 1]]]
["pass", 1, [[11, 1]]]
["people", 1, [[1, 1]]]
["phonecall", 1, [[5, 1]]]
["praying", 1, [[18, 1]]]
["preorder", 1, [[5, 1]]]
["project", 1, [[6, 1]]]
["putting", 1, [[9, 1]]]
["rattled", 1, [[18, 1]]]
["refs", 2, [[7, 1], [19, 1]]]
["scars", 1, [[14, 1]]]
["science", 1, [[9, 1]]]
["seconds", 1, [[16, 1]]]
["she", 1, [[14, 1]]]
["shine", 1, [[14, 1]]]
["shirts", 1, [[5, 1]]]
["should", 3, [[6, 1], [7, 1], [9, 1]]]
["show", 1, [[20, 1]]]
["so", 2, [[9, 1], [17, 1]]]
["still", 1, [[14, 1]]]
["storybook", 1, [[8, 1]]]
["tell", 1, [[8, 1]]]
["terrifying", 1, [[16, 1]]]
["than", 1, [[12, 1]]]
["that", 5, [[7, 1], [8, 2], [12, 1], [16, 1], [19, 1]]]
["the", 6, [[1, 1], [3, 1], [7, 1], [14, 1], [15, 1], [20, 1]]]
["there", 1, [[19, 1]]]
["theres", 1, [[17, 1]]]
["these", 1, [[5, 1]]]
["they", 1, [[1, 1]]]
["this", 1, [[20, 1]]]
["thought", 1, [[12, 1]]]
["time", 1, [[20, 1]]]
["to", 5, [[5, 1], [9, 1], [11, 1], [14, 1], [18, 1]]]
["tonight", 1, [[1, 1]]]
["touchdown", 1, [[2, 1]]]
["toward", 1, [[9, 1]]]
["tv", 1, [[16, 1]]]
["updates", 1, [[3, 1]]]
["using", 1, [[9, 1]]]
["want", 1, [[5, 1]]]
["wants", 1, [[8, 1]]]
["was", 2, [[8, 1], [19, 1]]]
["watch", 2, [[1, 1], [16, 1]]]
["watching", 1, [[20, 1]]]
["we", 1, [[9, 2]]]
["weather", 1, [[3, 2]]]
["were", 1, [[12, 1]]]
["what", 2, [[1, 1], [9, 1]]]
["when", 1, [[9, 1]]]
["which", 1, [[15, 1]]]
["while", 1, [[1, 1]]]
["why", 1, [[9, 1]]]
["will", 2, [[15, 1], [16, 1]]]
["wondering", 1, [[15, 1]]]
["word", 1, [[10, 1]]]
["yall", 1, [[12, 1]]]
["years", 1, [[11, 1]]]
["you", 2, [[5, 1], [8, 1]]]
["your", 2, [[11, 2], [15, 1]]]
["\ud83e\udd14\ud83e\udd14\ud83e\udd14\ud83e\udd14", 1, [[12, 1]]]
