["76ers", 1, [[5, 1]]]
["a", 5, [[1, 1], [2, 3], [3, 1], [4, 2], [6, 1]]]
["all", 1, [[3, 1]]]
["and", 1, [[6, 1]]]
["any", 1, [[1, 1]]]
["as", 1, [[1, 1]]]
["at", 1, [[4, 1]]]
["bake", 1, [[6, 1]]]
["battle", 1, [[5, 1]]]
["be", 1, [[5, 1]]]
["but", 1, [[5, 1]]]
["by", 1, [[1, 1]]]
["cake", 1, [[6, 1]]]
["christmas", 1, [[4, 1]]]
["desire", 1, [[4, 1]]]
["ea", 1, [[3, 1]]]
["emerge", 1, [[5, 1]]]
["flour", 1, [[6, 1]]]
["football", 1, [[6, 1]]]
["going", 1, [[6, 1]]]
["i", 2, [[4, 1], [6, 1]]]
["in", 1, [[4, 1]]]
["is", 2, [[2, 2], [3, 1]]]
["it", 1, [[5, 1]]]
["joy", 1, [[3, 1]]]
["lakers", 1, [[5, 1]]]
["like", 1, [[3, 1]]]
["listen", 1, [[6, 1]]]
["love", 1, [[3, 1]]]
["may\u2019s", 1, [[4, 1]]]
["mi", 1, [[4, 1]]]
["more", 1, [[4, 1]]]
["name", 1, [[1, 1]]]
["newfangled", 1, [[4, 1]]]
["no", 1, [[4, 1]]]
["of", 2, [[3, 1], [5, 1]]]
["one", 1, [[5, 1]]]
["or", 1, [[5, 1]]]
["other", 1, [[1, 1]]]
["refund", 1, [[6, 1]]]
["rose", 4, [[1, 1], [2, 3], [3, 1], [4, 1]]]
["season", 1, [[5, 1]]]
["smell", 1, [[1, 1]]]
["snow", 1, [[4, 1]]]
["sweet", 1, [[1, 1]]]
["teams", 1, [[5, 1]]]
["than", 1, [[4, 1]]]
["the", 3, [[3, 2], [5, 1], [6, 1]]]
["to", 1, [[6, 2]]]
["tough", 1, [[5, 1]]]
["two", 1, [[5, 1]]]
["victorious", 1, [[5, 1]]]
["was", 1, [[6, 1]]]
["who", 1, [[5, 1]]]
["will", 1, [[5, 2]]]
["wish", 1, [[4, 1]]]
["would", 1, [[1, 1]]]
["young", 1, [[5, 1]]]